angka_0_chain_code='5,4,5,6,5,5,6,6,6,5,6,6,6,6,6,6,6,7,6,6,6,7,7,6,7,0,7,0,0,0,0,0,0,1,0,1,2,1,1,2,2,2,1,2,2,2,2,2,2,2,3,2,2,2,3,3,2,3,4,3,4,4,4,4,4'
angka_1_chain_code='5,5,5,4,5,4,6,5,7,7,0,1,7,6,6,6,6,6,6,6,6,6,6,6,6,6,6,6,7,7,1,1,2,2,2,2,2,2,2,2,2,2,2,2,2,2,2,2,2,2,2,2,2,3'
angka_2_chain_code='5,4,6,5,4,6,5,6,6,7,7,1,1,2,1,1,0,0,0,0,7,7,6,6,5,6,5,5,6,5,5,5,5,5,5,5,5,5,5,7,7,0,0,0,0,0,0,0,0,0,0,0,0,0,0,1,1,3,3,4,4,4,4,4,4,4,4,3,1,1,1,1,1,1,0,2,1,1,2,1,2,2,2,2,3,2,4,3,2,4,3,4,4,4,4,4'
angka_3_chain_code='5,5,7,7,0,0,0,0,0,7,6,5,5,5,6,7,7,0,0,0,7,6,7,6,6,5,6,5,4,5,4,4,4,3,4,3,2,4,3,5,5,6,7,6,0,7,6,0,7,0,0,0,0,0,0,0,1,0,2,1,1,0,2,1,2,2,2,2,2,2,3,2,4,3,2,4,3,1,2,1,1,1,2,3,3,4,4,4,4,4,4,4,4,4,4'
angka_4_chain_code='5,4,6,5,5,6,5,5,5,6,5,5,6,5,5,5,6,7,7,0,0,0,0,0,0,0,7,6,6,6,6,7,7,1,1,2,2,2,2,1,0,0,1,1,3,3,4,4,3,2,2,2,2,2,2,2,2,2,2,2,3'
angka_5_chain_code='5,5,6,6,6,6,5,6,6,6,6,7,7,1,0,0,1,0,0,0,7,0,7,6,7,6,6,5,6,5,4,5,4,4,4,3,4,3,2,4,3,5,5,6,7,6,0,7,6,0,7,0,0,0,0,0,0,0,1,0,2,1,1,0,2,1,2,2,2,2,2,2,3,2,4,3,3,2,4,3,4,4,4,4,4,3,2,1,0,0,0,0,0,0,0,1,1,3,3,4,4,4,4,4,4,4,4,4'
angka_6_chain_code='5,4,5,6,5,5,6,6,6,5,6,6,6,6,6,6,6,6,7,6,6,7,7,7,6,0,7,0,0,0,0,0,1,0,2,1,1,0,2,1,2,2,2,2,2,3,2,4,3,3,2,4,3,4,4,4,4,4,3,2,1,0,1,0,0,7,7,0,7,1,1,2,3,2,3,4,3,4,4,4,4,4'
angka_7_chain_code='5,5,7,7,0,0,0,0,0,0,0,0,0,7,6,5,6,5,6,5,6,5,6,6,5,6,5,6,5,6,5,6,7,7,1,0,2,1,2,1,2,1,2,1,2,1,2,1,2,2,1,2,1,2,1,2,1,2,3,3,4,4,4,4,4,4,4,4,4,4,4,4,4'
angka_8_chain_code='5,4,5,6,5,6,6,6,6,7,6,7,6,5,4,6,5,6,6,6,6,6,7,6,0,7,6,0,7,0,0,0,0,0,0,0,0,1,0,2,1,0,2,1,2,2,2,2,2,3,2,4,3,2,1,2,1,2,2,2,2,3,2,3,4,3,4,4,4,4,4,4,4'
angka_9_chain_code='5,4,6,5,5,4,6,5,6,6,6,6,6,7,6,0,7,7,6,0,7,0,0,0,0,0,7,6,5,4,5,4,4,3,3,4,3,5,5,6,7,6,7,0,7,0,0,0,0,0,0,1,0,1,2,1,1,2,2,2,1,2,2,2,2,2,2,2,2,3,2,2,3,3,3,2,4,3,4,4,4,4'
angka_0_thinning_chain_code='7,5,5,6,6,6,5,6,6,6,6,6,6,6,7,6,6,6,7,7,5,1,7,0,0,0,0,0,0,1,7,3,1,1,2,2,2,1,2,2,2,2,2,2,2,3,2,2,2,3,3,1,5,3,4,4,4,4,4,4,5'
angka_1_thinning_chain_code='6,5,5,7,7,6,6,6,6,6,6,6,6,6,6,6,6,6,6,6,6,2,2,2,2,2,2,2,2,2,2,2,2,2,2,2,2,3,2,2,1'
angka_2_thinning_chain_code='5,5,5,6,6,2,1,1,1,1,0,0,0,0,7,7,7,7,6,6,5,6,5,5,6,5,5,5,5,5,5,1,1,1,1,1,1,1,1,2,1,2,2,2,2,3,3,3,4,4,4,4,4'
angka_3_thinning_chain_code='5,1,0,7,7,7,7,6,7,6,6,5,6,5,5,5,4,5,4,4,4,3,4,3,3,3,6,7,7,7,0,0,0,0,0,0,0,1,1,1,1,2,2,2,2,2,2,3,3,3,4,3'
angka_4_thinning_chain_code='6,5,6,6,5,7,6,7,6,6,2,2,3,2,3,1,2,2,1'
angka_5_thinning_chain_code='0,0,7,0,7,7,7,6,7,6,6,5,6,5,5,5,4,5,4,4,4,3,4,3,3,3,6,7,7,7,0,0,0,0,0,0,0,1,1,1,1,2,2,2,2,2,2,3,3,3,3,4,4,4'
angka_6_thinning_chain_code='6,1,0,7,0,7,7,7,6,7,6,5,6,5,5,5,4,5,4,3,4,3,3,3,6,7,7,7,0,0,0,0,0,1,1,1,1,2,2,2,2,2,3,3,3,3,4,4,4'
angka_7_thinning_chain_code='0,0,0,0,0,0,0,0,0,0,7,7,7,5,5,6,5,6,5,6,5,6,6,5,6,5,6,5,6,5,6,1,2,1,2,1,2,1,2,1,2,1,2,2,1,2,1,2,1,3,1,1,5,4,4,3,4,4,4,4,4,4,4,4,4'
angka_8_thinning_chain_code='5,5,5,6,6,6,7,7,7,5,5,5,5,6,6,6,6,6,7,7,7,0,0,0,0,0,0,0,0,1,1,1,2,2,2,2,2,3,3,3,3,1,1,1,2,2,2,3,3,3,4,4,4,4,4'
angka_9_thinning_chain_code='5,5,5,5,6,6,6,6,6,7,7,7,7,0,0,0,0,2,5,4,3,4,3,3,3,2,3,2,1,2,1,1,1,0,1,0,7,0,7,7,7,2,3,3,3,4,4,4,4'
